facilities = 10 objectives = 2 max_distances = 20 max flows = 100 correlation = 0.100000 seed = 26
10
 0  7 14  1 12 20  3 14 19 20
 7  0  2 17 10  8 13 10 17 17
14  2  0  2 10  8  9  3  7  1
 1 17  2  0 10 16  4 16  1 16
12 10 10 10  0  8  3  7 18 14
20  8  8 16  8  0 19  9 15  8
 3 13  9  4  3 19  0 12  4  5
14 10  3 16  7  9 12  0 18 16
19 17  7  1 18 15  4 18  0  9
20 17  1 16 14  8  5 16  9  0

 0 18 24 76 89 28 14 35 55 20
18  0 79 10  4 79  3 74  7 67
24 79  0 91 16 34 16  4 23 93
76 10 91  0 34 68 21 76 35 95
89  4 16 34  0 60 12 15 36 72
28 79 34 68 60  0 86 23 19 52
14  3 16 21 12 86  0 60 35 86
35 74  4 76 15 23 60  0 90 45
55  7 23 35 36 19 35 90  0 32
20 67 93 95 72 52 86 45 32  0